x
0.6001474
0.1871374
0.3821554
0.4976159
0.8263807
0.5667962
0.3108243
0.6057283
0.3461219
0.2077737
0.8229362
0.1097884
0.01582613
0.4004723
0.02678573
0.2796015
0.7127029
0.5124867
0.2427046
0.4556704
0.5172872
0.8485186
0.4153491
0.9806692
0.3332127
0.4975477
0.4770983
0.3876480
0.8384104
0.07064842
0.5310494
0.2136141
0.1388275
0.5761658
0.8645536
0.2976411
0.2767514
0.9223245
0.1054272
0.8965876
0.8799482
0.2243019
0.1895560
0.9526123
0.6277214
0.03228522
0.4587813
0.5650448
0.774546
0.1429264
0.4263872
0.3450452
0.6856261
0.1134398
0.3213089
0.676193
0.09346706
0.5876649
0.7737174
0.5243536
0.08722618
0.6224572
0.2541561
0.06365476
0.4202571
0.2863683
0.9352907
0.4519951
0.89357
0.0628705
0.9061694
0.5504318
0.3395955
0.5529108
0.9737535
0.6050083
0.6779629
0.6820053
0.1205827
0.1240961
0.4389523
0.4370926
0.9656438
0.3028524
0.1081659
0.3734445
0.6197179
0.774585
0.5163253
0.6862243
0.1353014
0.3469094
0.03248166
0.2556056
0.8102012
0.2265616
0.200565
0.6442879
0.2695809
0.8695626