y
-0.2149941
-1.489218
0.7169021
0.1686679
3.331246
0.3888644
-2.507352
0.611695
-0.8794484
1.094910
0.5449672
1.012951
-1.108004
0.2221486
2.074713
-0.4239583
2.470262
0.04410524
-0.995165
-0.5379975
0.888677
0.4027739
-1.142571
0.7943905
0.05403227
1.12282
-0.7117752
2.263034
-0.4641916
0.1450491
0.09832035
0.1732127
-1.233423
0.1932107
-1.472450
-0.3998015
0.3180207
0.3812102
-0.1235641
1.551127
-1.178604
0.7482737
0.2896186
0.7931877
0.4348279
0.3329085
0.07384005
1.039807
0.9237441
-0.9523029
-0.1129266
1.381112
0.2113432
1.418358
-1.202029
-0.5539264
0.6652992
0.3325934
0.0905867
0.1626143
1.708827
2.552934
-1.275109
-0.3750513
-0.1130783
0.08541776
-0.9119386
1.187366
-0.2757923
-0.06891229
0.1747586
0.9327314
1.476280
-0.2390591
0.5412334
0.01838998
-1.535987
1.410529
0.3770681
0.6250619
0.4132826
-1.032357
2.650589
0.1502238
-1.052056
1.033576
-0.3491900
-0.1435160
1.334173
0.6720854
-1.400480
-0.3631246
1.97056
-0.7611735
0.7948284
-1.072222
-1.141822
-1.702162
-0.9713838
0.2001907