x
0.6001474
0.1871374
0.3821554
0.4976159
0.8263807
0.5667962
0.3108243
0.6057283
0.3461219
0.2077737
0.8229362
0.1097884
0.01582613
0.4004723
0.02678573
0.2796015
0.7127029
0.5124867
0.2427046
0.4556704
0.5172872
0.8485186
0.4153491
0.9806692
0.3332127
0.4975477
0.4770983
0.3876480
0.8384104
0.07064842
0.5310494
0.2136141
0.1388275
0.5761658
0.8645536
0.2976411
0.2767514
0.9223245
0.1054272
0.8965876
0.8799482
0.2243019
0.1895560
0.9526123
0.6277214
0.03228522
0.4587813
0.5650448
0.774546
0.1429264
0.4263872
0.3450452
0.6856261
0.1134398
0.3213089
0.676193
0.09346706
0.5876649
0.7737174
0.5243536
0.08722618
0.6224572
0.2541561
0.06365476
0.4202571
0.2863683
0.9352907
0.4519951
0.89357
0.0628705
0.9061694
0.5504318
0.3395955
0.5529108
0.9737535
0.6050083
0.6779629
0.6820053
0.1205827
0.1240961
0.4389523
0.4370926
0.9656438
0.3028524
0.1081659
0.3734445
0.6197179
0.774585
0.5163253
0.6862243
0.1353014
0.3469094
0.03248166
0.2556056
0.8102012
0.2265616
0.200565
0.6442879
0.2695809
0.8695626

y
-0.2149941
-1.489218
0.7169021
0.1686679
3.331246
0.3888644
-2.507352
0.611695
-0.8794484
1.094910
0.5449672
1.012951
-1.108004
0.2221486
2.074713
-0.4239583
2.470262
0.04410524
-0.995165
-0.5379975
0.888677
0.4027739
-1.142571
0.7943905
0.05403227
1.12282
-0.7117752
2.263034
-0.4641916
0.1450491
0.09832035
0.1732127
-1.233423
0.1932107
-1.472450
-0.3998015
0.3180207
0.3812102
-0.1235641
1.551127
-1.178604
0.7482737
0.2896186
0.7931877
0.4348279
0.3329085
0.07384005
1.039807
0.9237441
-0.9523029
-0.1129266
1.381112
0.2113432
1.418358
-1.202029
-0.5539264
0.6652992
0.3325934
0.0905867
0.1626143
1.708827
2.552934
-1.275109
-0.3750513
-0.1130783
0.08541776
-0.9119386
1.187366
-0.2757923
-0.06891229
0.1747586
0.9327314
1.476280
-0.2390591
0.5412334
0.01838998
-1.535987
1.410529
0.3770681
0.6250619
0.4132826
-1.032357
2.650589
0.1502238
-1.052056
1.033576
-0.3491900
-0.1435160
1.334173
0.6720854
-1.400480
-0.3631246
1.97056
-0.7611735
0.7948284
-1.072222
-1.141822
-1.702162
-0.9713838
0.2001907

z
-0.4299883
-2.978435
1.433804
0.3373358
6.662492
0.7777288
-5.014703
1.22339
-1.758897
2.189819
1.089934
2.025902
-2.216007
0.4442972
4.149426
-0.8479165
4.940523
0.08821047
-1.99033
-1.075995
1.777354
0.8055478
-2.285142
1.588781
0.1080645
2.24564
-1.423550
4.526067
-0.9283831
0.2900981
0.1966407
0.3464253
-2.466846
0.3864214
-2.944900
-0.799603
0.6360414
0.7624203
-0.2471281
3.102254
-2.357209
1.496547
0.5792373
1.586375
0.8696558
0.6658171
0.1476801
2.079614
1.847488
-1.904606
1.279162
1.035136
2.056878
0.3403194
0.9639267
2.028579
0.2804012
1.762995
2.321152
1.573061
0.2616785
1.867372
0.7624683
0.1909643
1.260771
0.8591049
2.805872
1.355985
2.68071
0.1886115
2.718508
1.651295
1.018787
1.658732
2.921261
1.815025
2.033889
2.046016
0.3617481
0.3722883
1.316857
1.311278
2.896931
0.9085572
0.3244977
1.120334
1.859154
2.323755
1.548976
2.058673
0.4059042
1.040728
0.09744498
0.7668168
2.430604
0.6796848
0.601695
1.932864
0.8087427
2.608688

