z
-0.4299883
-2.978435
1.433804
0.3373358
6.662492
0.7777288
-5.014703
1.22339
-1.758897
2.189819
1.089934
2.025902
-2.216007
0.4442972
4.149426
-0.8479165
4.940523
0.08821047
-1.99033
-1.075995
1.777354
0.8055478
-2.285142
1.588781
0.1080645
2.24564
-1.423550
4.526067
-0.9283831
0.2900981
0.1966407
0.3464253
-2.466846
0.3864214
-2.944900
-0.799603
0.6360414
0.7624203
-0.2471281
3.102254
-2.357209
1.496547
0.5792373
1.586375
0.8696558
0.6658171
0.1476801
2.079614
1.847488
-1.904606
1.279162
1.035136
2.056878
0.3403194
0.9639267
2.028579
0.2804012
1.762995
2.321152
1.573061
0.2616785
1.867372
0.7624683
0.1909643
1.260771
0.8591049
2.805872
1.355985
2.68071
0.1886115
2.718508
1.651295
1.018787
1.658732
2.921261
1.815025
2.033889
2.046016
0.3617481
0.3722883
1.316857
1.311278
2.896931
0.9085572
0.3244977
1.120334
1.859154
2.323755
1.548976
2.058673
0.4059042
1.040728
0.09744498
0.7668168
2.430604
0.6796848
0.601695
1.932864
0.8087427
2.608688