0.2157675
0.6409323
0.6819132
1.414464
0.3796393
2.160344
0.6786897
2.442551
0.009855073
0.01144518
0.644015
0.1284452
1.421545
0.5041555
2.917479
0.7920186
1.377107
0.667046
0.7481823
3.573924
0.6373825
0.2440637
1.952213
2.000818
0.8670538
0.06769801
2.932232
0.4895099
1.442302
0.5275128
1.874573
1.071489
0.6344199
2.342462
1.285336
2.266011
2.507791
0.1326113
0.284002
0.7514093
0.6769587
0.4194701
0.5424422
3.873710
2.343863
0.3446980
0.2476911
0.4769534
1.586733
0.4553579
0.1223829
1.609092
0.03572409
0.1315765
0.08294809
0.7100493
0.001466817
1.787266
1.364715
1.447542
0.2474659
0.452917
3.903858
0.7028041
1.047894
0.03707922
0.8987748
0.3016682
0.6455563
0.8135168
0.682529
0.4848028
1.539294
1.237994
0.7868838
0.9617394
0.8674991
0.6466646
0.5661984
0.04459938
1.262446
1.708300
0.05948492
0.07395866
2.722264
0.0295146
0.02200651
2.522302
0.9271956
0.9370215
0.3255972
1.853125
0.0647933
0.058137
0.8552036
1.215527
0.7671518
0.9646515
0.2038207
0.4869569
